1 0.8557692307692307 0.25721153846153855 0.8100961538461539 0.25721153846153855 0.8100961538461539 0.3557692307692309 0.8557692307692307 0.3557692307692309
1 0.90625 0.2572115384615386 0.84375 0.2572115384615386 0.84375 0.3677884615384617 0.90625 0.3677884615384617
1 0.7740384615384616 0.29326923076923084 0.7403846153846154 0.29326923076923084 0.7403846153846154 0.3677884615384617 0.7740384615384616 0.3677884615384617
1 0.6754807692307693 0.3004807692307693 0.6466346153846154 0.3004807692307693 0.6466346153846154 0.3629807692307694 0.6754807692307693 0.3629807692307694
1 0.3798076923076923 0.29326923076923084 0.33653846153846156 0.29326923076923084 0.33653846153846156 0.3798076923076923 0.3798076923076923 0.3798076923076923
1 0.7139423076923077 0.3004807692307693 0.6730769230769231 0.3004807692307693 0.6730769230769231 0.37259615384615397 0.7139423076923077 0.37259615384615397
1 0.4855769230769231 0.2836538461538462 0.43990384615384615 0.2836538461538462 0.43990384615384615 0.3918269230769231 0.4855769230769231 0.3918269230769231
1 0.6370192307692307 0.29326923076923084 0.5769230769230769 0.29326923076923084 0.5769230769230769 0.39182692307692324 0.6370192307692307 0.39182692307692324
1 0.5384615384615384 0.3076923076923077 0.5024038461538461 0.3076923076923077 0.5024038461538461 0.3798076923076923 0.5384615384615384 0.3798076923076923
1 0.33413461538461536 0.3076923076923077 0.28125000000000006 0.3076923076923077 0.28125000000000006 0.41346153846153844 0.33413461538461536 0.41346153846153844
1 0.1322115384615385 0.31971153846153844 0.07451923076923081 0.31971153846153844 0.07451923076923081 0.41346153846153844 0.1322115384615385 0.41346153846153844