0 0.4567307692307692 0.11538461538461545 0.4206730769230769 0.11538461538461545 0.4206730769230769 0.19471153846153852 0.4567307692307692 0.19471153846153852
0 0.8245192307692307 0.0673076923076924 0.7211538461538461 0.06730769230769239 0.7211538461538461 0.24519230769230776 0.8245192307692307 0.24519230769230776
0 0.5697115384615384 0.12019230769230776 0.5 0.12019230769230776 0.5 0.2475961538461539 0.5697115384615384 0.2475961538461539
0 0.32211538461538464 0.14903846153846156 0.28846153846153844 0.14903846153846156 0.28846153846153844 0.23076923076923084 0.32211538461538464 0.23076923076923084
0 0.5144230769230769 0.1442307692307693 0.4519230769230769 0.1442307692307693 0.4519230769230769 0.23557692307692316 0.5144230769230769 0.23557692307692316
0 0.37259615384615385 0.14663461538461542 0.3173076923076923 0.14663461538461542 0.3173076923076923 0.25000000000000006 0.37259615384615385 0.25000000000000006
0 0.6730769230769231 0.11538461538461545 0.6009615384615384 0.11538461538461545 0.6009615384615384 0.28125000000000006 0.6730769230769231 0.28125000000000006
0 0.24519230769230768 0.16105769230769232 0.19951923076923078 0.16105769230769232 0.19951923076923078 0.24519230769230768 0.24519230769230768 0.24519230769230768
0 0.15865384615384615 0.17307692307692307 0.10576923076923081 0.17307692307692307 0.10576923076923081 0.2668269230769231 0.15865384615384615 0.2668269230769231
0 0.11057692307692311 0.20192307692307693 0.08173076923076926 0.20192307692307693 0.08173076923076926 0.2620192307692308 0.11057692307692311 0.2620192307692308
0 0.06490384615384617 0.1971153846153846 0.019230769230769256 0.1971153846153846 0.01923076923076926 0.28846153846153844 0.06490384615384619 0.28846153846153844