1 0.9182692307692307 0.11298076923076933 0.8605769230769231 0.11298076923076933 0.8605769230769231 0.2307692307692309 0.9182692307692307 0.2307692307692309
1 0.7596153846153846 0.13221153846153857 0.7283653846153846 0.13221153846153857 0.7283653846153846 0.2163461538461539 0.7596153846153846 0.2163461538461539
1 0.6394230769230769 0.12500000000000006 0.5961538461538461 0.12500000000000006 0.5961538461538461 0.2379807692307693 0.6394230769230769 0.2379807692307693
1 0.5024038461538461 0.1129807692307693 0.44471153846153844 0.1129807692307693 0.44471153846153844 0.2524038461538462 0.5024038461538461 0.2524038461538462
0 0.8197115384615384 0.1298076923076924 0.7692307692307693 0.1298076923076924 0.7692307692307693 0.2379807692307693 0.8197115384615384 0.2379807692307693
1 0.9807692307692307 0.1634615384615386 0.9543269230769231 0.1634615384615386 0.9543269230769231 0.2307692307692309 0.9807692307692307 0.2307692307692309
0 0.2764423076923077 0.14423076923076927 0.22355769230769232 0.14423076923076927 0.22355769230769232 0.2620192307692308 0.2764423076923077 0.2620192307692308
1 0.5552884615384616 0.14182692307692316 0.5048076923076923 0.14182692307692316 0.5048076923076923 0.2716346153846155 0.5552884615384616 0.2716346153846155
0 0.2283653846153846 0.15384615384615385 0.18028846153846154 0.15384615384615385 0.18028846153846154 0.2764423076923077 0.2283653846153846 0.2764423076923077
1 0.10576923076923081 0.15144230769230768 0.048076923076923093 0.15144230769230768 0.0480769230769231 0.28125 0.10576923076923081 0.28125
1 0.6947115384615384 0.18269230769230776 0.6586538461538461 0.18269230769230776 0.6586538461538461 0.26201923076923084 0.6947115384615384 0.26201923076923084
1 0.3317307692307692 0.1682692307692308 0.27403846153846156 0.16826923076923078 0.27403846153846156 0.28605769230769235 0.3317307692307692 0.2860576923076924