1 0.14423076923076922 0.00961538461538463 0.11298076923076923 0.009615384615384628 0.11298076923076923 0.10096153846153848 0.14423076923076922 0.10096153846153849
0 0.35096153846153844 0.014423076923076964 0.3245192307692308 0.014423076923076962 0.3245192307692308 0.11057692307692311 0.35096153846153844 0.11057692307692311
0 0.12259615384615384 0.019230769230769242 0.0673076923076923 0.01923076923076924 0.06730769230769232 0.11298076923076923 0.12259615384615384 0.11298076923076923
0 0.34615384615384615 0.01923076923076927 0.28365384615384615 0.019230769230769267 0.28365384615384615 0.1322115384615385 0.34615384615384615 0.1322115384615385
0 0.29086538461538464 0.048076923076923114 0.2668269230769231 0.048076923076923114 0.2668269230769231 0.11298076923076926 0.29086538461538464 0.11298076923076926
0 0.5072115384615384 0.04326923076923083 0.44711538461538464 0.043269230769230824 0.44711538461538464 0.16105769230769237 0.5072115384615384 0.16105769230769237
0 0.44711538461538464 0.0865384615384616 0.4206730769230769 0.0865384615384616 0.4206730769230769 0.15144230769230776 0.44711538461538464 0.15144230769230776
0 0.40384615384615385 0.10096153846153849 0.3798076923076923 0.10096153846153849 0.3798076923076923 0.14423076923076927 0.40384615384615385 0.14423076923076927
0 0.6586538461538461 0.07211538461538469 0.6009615384615384 0.07211538461538468 0.6009615384615384 0.1850961538461539 0.6586538461538461 0.1850961538461539
0 0.5552884615384616 0.10096153846153853 0.5288461538461539 0.10096153846153853 0.5288461538461539 0.17067307692307698 0.5552884615384616 0.17067307692307698
0 0.5841346153846154 0.12019230769230776 0.5600961538461539 0.12019230769230776 0.5600961538461539 0.17788461538461545 0.5841346153846154 0.17788461538461545
0 0.7283653846153846 0.1298076923076924 0.6995192307692307 0.1298076923076924 0.6995192307692307 0.19471153846153852 0.7283653846153846 0.19471153846153852
0 0.7956730769230769 0.13461538461538472 0.7716346153846154 0.13461538461538472 0.7716346153846154 0.1971153846153847 0.7956730769230769 0.1971153846153847
0 0.6899038461538461 0.1346153846153847 0.6658653846153846 0.1346153846153847 0.6658653846153846 0.19951923076923084 0.6899038461538461 0.19951923076923084
0 0.8509615384615384 0.12019230769230779 0.7884615384615384 0.12019230769230779 0.7884615384615384 0.24278846153846165 0.8509615384615384 0.24278846153846168
0 0.9399038461538461 0.14903846153846165 0.90625 0.14903846153846165 0.90625 0.21875000000000014 0.9399038461538461 0.21875000000000014
0 0.8966346153846154 0.16105769230769246 0.875 0.16105769230769246 0.875 0.21875000000000014 0.8966346153846154 0.21875000000000014
0 0.9927884615384616 0.16586538461538475 0.9567307692307693 0.16586538461538475 0.9567307692307693 0.247596153846154 0.9927884615384616 0.247596153846154