0 0.5504807692307693 0.3870192307692308 0.4543269230769231 0.3870192307692308 0.4543269230769231 0.5528846153846154 0.5504807692307693 0.5528846153846154
0 0.75 0.012019230769230862 0.7163461538461539 0.012019230769230858 0.7163461538461539 0.08653846153846165 0.75 0.08653846153846165
0 0.38221153846153844 0.03125000000000004 0.34615384615384615 0.03125000000000004 0.34615384615384615 0.10576923076923081 0.38221153846153844 0.10576923076923081
0 0.9855769230769231 0.03125000000000012 0.9519230769230769 0.03125000000000012 0.9519230769230769 0.12259615384615397 0.9855769230769231 0.12259615384615398
0 0.6298076923076923 0.043269230769230844 0.5817307692307693 0.04326923076923084 0.5817307692307693 0.12259615384615391 0.6298076923076923 0.12259615384615391
0 0.9519230769230769 0.040865384615384734 0.9134615384615384 0.040865384615384734 0.9134615384615384 0.1250000000000001 0.9519230769230769 0.1250000000000001
0 0.3245192307692309 0.8028846153846154 0.17307692307692316 0.8028846153846154 0.17307692307692318 0.9951923076923077 0.3245192307692309 0.9951923076923077
0 0.060096153846153855 0.05048076923076923 0.021634615384615394 0.05048076923076923 0.021634615384615398 0.13701923076923078 0.06009615384615386 0.13701923076923078
0 0.21875 0.040865384615384644 0.16346153846153846 0.04086538461538463 0.16346153846153846 0.15625 0.21875 0.15625
0 0.6923076923076923 0.06490384615384624 0.6442307692307693 0.06490384615384624 0.6442307692307693 0.14663461538461545 0.6923076923076923 0.14663461538461545
0 0.7548076923076923 0.07692307692307701 0.6971153846153846 0.076923076923077 0.6971153846153846 0.1754807692307693 0.7548076923076923 0.1754807692307693
0 0.47836538461538464 0.08894230769230776 0.4326923076923077 0.08894230769230776 0.4326923076923077 0.1754807692307693 0.47836538461538464 0.1754807692307693
0 0.5697115384615384 0.10576923076923084 0.49038461538461536 0.10576923076923084 0.49038461538461536 0.23557692307692316 0.5697115384615384 0.23557692307692316
0 0.13461538461538464 0.12980769230769232 0.09134615384615384 0.12980769230769232 0.09134615384615387 0.23557692307692307 0.13461538461538464 0.23557692307692307
0 0.9879807692307693 0.1466346153846155 0.9158653846153846 0.14663461538461547 0.9158653846153846 0.2764423076923078 0.9879807692307693 0.2764423076923078
0 0.47115384615384615 0.16346153846153852 0.40865384615384615 0.16346153846153852 0.40865384615384615 0.28846153846153855 0.47115384615384615 0.28846153846153855
0 0.36778846153846156 4.253881309538282e-17 0.3269230769230769 4.0036529972125004e-17 0.3269230769230769 0.050480769230769273 0.36778846153846156 0.05048076923076928
0 0.6466346153846154 7.683481119650461e-17 0.6081730769230769 7.447972119814432e-17 0.6081730769230769 0.05048076923076931 0.6466346153846154 0.050480769230769315
0 0.7716346153846154 0.18269230769230776 0.7067307692307693 0.18269230769230776 0.7067307692307693 0.2836538461538462 0.7716346153846154 0.2836538461538462
0 0.2355769230769231 0.1778846153846154 0.15865384615384615 0.1778846153846154 0.1586538461538462 0.28846153846153844 0.23557692307692316 0.28846153846153844
0 0.38461538461538464 0.2163461538461539 0.30528846153846156 0.2163461538461539 0.30528846153846156 0.34134615384615385 0.38461538461538464 0.34134615384615385
0 0.7043269230769231 0.22355769230769237 0.6201923076923077 0.22355769230769237 0.6201923076923077 0.3750000000000001 0.7043269230769231 0.3750000000000001
0 0.04807692307692308 3.974214372232997e-18 0.016826923076923076 2.060703748565258e-18 0.01682692307692308 0.06009615384615385 0.04807692307692308 0.06009615384615385
0 0.8990384615384616 1.07892560549881e-16 0.8629807692307693 1.0568466367641822e-16 0.8629807692307693 0.06009615384615395 0.8990384615384616 0.06009615384615395
0 0.4206730769230769 4.8720924341078605e-17 0.375 4.592425496802575e-17 0.375 0.07211538461538466 0.4206730769230769 0.07211538461538466
0 0.11057692307692311 0.2764423076923077 0.02163461538461542 0.2764423076923077 0.021634615384615426 0.41586538461538464 0.11057692307692311 0.41586538461538464
0 0.8846153846153846 0.3028846153846155 0.8028846153846154 0.3028846153846155 0.8028846153846154 0.44711538461538475 0.8846153846153846 0.44711538461538475