0 0.7067307692307693 0.32692307692307704 0.6730769230769231 0.32692307692307704 0.6730769230769231 0.3774038461538463 0.7067307692307693 0.3774038461538463
1 0.34375000000000006 0.5408653846153846 0.3052884615384616 0.5408653846153846 0.3052884615384616 0.6153846153846154 0.3437500000000001 0.6153846153846154
1 0.8076923076923077 0.5793269230769232 0.7644230769230769 0.5793269230769232 0.7644230769230769 0.6658653846153846 0.8076923076923077 0.6658653846153846
1 0.45913461538461553 0.5961538461538461 0.42067307692307704 0.5961538461538461 0.42067307692307704 0.6634615384615384 0.45913461538461553 0.6634615384615384
1 0.25000000000000006 0.6225961538461539 0.19951923076923084 0.6225961538461539 0.19951923076923084 0.6995192307692307 0.25000000000000006 0.6995192307692307
1 0.7355769230769231 0.6177884615384616 0.6923076923076923 0.6177884615384616 0.6923076923076923 0.7139423076923077 0.7355769230769231 0.7139423076923077
1 0.8966346153846154 0.6201923076923077 0.8485576923076923 0.6201923076923077 0.8485576923076923 0.7331730769230769 0.8966346153846154 0.7331730769230769
1 0.06730769230769239 0.6442307692307693 0.019230769230769308 0.6442307692307693 0.019230769230769315 0.7379807692307693 0.06730769230769239 0.7379807692307693
1 0.5168269230769232 0.6538461538461539 0.4615384615384617 0.6538461538461539 0.4615384615384617 0.7451923076923077 0.5168269230769232 0.7451923076923077
1 0.14903846153846162 0.6586538461538461 0.10576923076923084 0.6586538461538461 0.10576923076923085 0.7451923076923077 0.14903846153846165 0.7451923076923077
1 0.9663461538461539 0.6586538461538461 0.9278846153846154 0.6586538461538461 0.9278846153846154 0.7524038461538461 0.9663461538461539 0.7524038461538461