0 0.9975961538461539 0.32692307692307704 0.9471153846153846 0.32692307692307704 0.9471153846153846 0.43509615384615397 0.9975961538461539 0.43509615384615397
0 0.6682692307692307 0.33413461538461553 0.5961538461538461 0.33413461538461553 0.5961538461538461 0.45432692307692324 0.6682692307692307 0.45432692307692324
0 0.4519230769230769 0.3701923076923077 0.4206730769230769 0.3701923076923077 0.4206730769230769 0.42788461538461536 0.4519230769230769 0.42788461538461536
0 0.6129807692307693 0.3750000000000001 0.5745192307692307 0.3750000000000001 0.5745192307692307 0.4447115384615386 0.6129807692307693 0.4447115384615386
0 0.26682692307692313 0.37740384615384615 0.21153846153846162 0.37740384615384615 0.21153846153846162 0.4567307692307692 0.26682692307692313 0.4567307692307692
0 0.15144230769230774 0.40384615384615385 0.12259615384615388 0.40384615384615385 0.1225961538461539 0.4567307692307692 0.15144230769230776 0.4567307692307692
0 0.8653846153846154 0.38461538461538475 0.8125 0.38461538461538475 0.8125 0.48317307692307704 0.8653846153846154 0.48317307692307704
0 0.21153846153846162 0.40384615384615385 0.17307692307692316 0.40384615384615385 0.17307692307692316 0.46875 0.21153846153846162 0.46875
0 0.90625 0.41586538461538475 0.8725961538461539 0.41586538461538475 0.8725961538461539 0.48317307692307704 0.90625 0.48317307692307704
0 0.75 0.3149038461538463 0.6923076923076923 0.3149038461538463 0.6923076923076923 0.40384615384615397 0.75 0.40384615384615397
0 0.5072115384615384 0.3173076923076923 0.46875 0.3173076923076923 0.46875 0.41586538461538464 0.5072115384615384 0.41586538461538464
0 0.38221153846153844 0.3076923076923077 0.31971153846153844 0.3076923076923077 0.31971153846153844 0.43509615384615385 0.38221153846153844 0.43509615384615385