0 0.7644230769230769 0.3870192307692309 0.7379807692307693 0.3870192307692309 0.7379807692307693 0.44711538461538475 0.7644230769230769 0.44711538461538475
0 0.7043269230769231 0.4711538461538463 0.6754807692307693 0.4711538461538463 0.6754807692307693 0.5336538461538463 0.7043269230769231 0.5336538461538463
0 0.31009615384615385 0.47115384615384615 0.2692307692307693 0.47115384615384615 0.2692307692307693 0.5456730769230769 0.31009615384615385 0.5456730769230769
1 0.18750000000000006 0.5072115384615384 0.13701923076923084 0.5072115384615384 0.13701923076923084 0.5673076923076923 0.18750000000000006 0.5673076923076923
1 0.5048076923076924 0.5168269230769231 0.4807692307692308 0.5168269230769231 0.48076923076923084 0.5697115384615384 0.5048076923076924 0.5697115384615384
0 0.3317307692307694 0.5745192307692307 0.2740384615384616 0.5745192307692307 0.2740384615384616 0.6538461538461539 0.3317307692307694 0.6538461538461539
0 0.6826923076923077 0.06730769230769239 0.6634615384615384 0.06730769230769239 0.6634615384615384 0.10336538461538468 0.6826923076923077 0.10336538461538468
1 0.25240384615384615 0.20432692307692307 0.22596153846153846 0.20432692307692307 0.22596153846153846 0.2620192307692308 0.25240384615384615 0.2620192307692308
0 0.6418269230769231 0.21153846153846162 0.6153846153846154 0.21153846153846162 0.6153846153846154 0.264423076923077 0.6418269230769231 0.264423076923077
0 0.14663461538461542 0.22596153846153846 0.12500000000000003 0.22596153846153846 0.12500000000000003 0.27163461538461536 0.14663461538461542 0.27163461538461536
0 0.37259615384615385 0.2692307692307693 0.3485576923076923 0.2692307692307693 0.3485576923076923 0.32211538461538464 0.37259615384615385 0.32211538461538464
1 0.4951923076923077 0.3269230769230769 0.4519230769230769 0.3269230769230769 0.4519230769230769 0.4014423076923077 0.4951923076923077 0.4014423076923077
0 0.6514423076923077 0.33413461538461553 0.6274038461538461 0.33413461538461553 0.6274038461538461 0.39663461538461553 0.6514423076923077 0.39663461538461553
0 0.12980769230769235 0.34134615384615385 0.10336538461538465 0.34134615384615385 0.10336538461538465 0.3918269230769231 0.12980769230769235 0.3918269230769231
1 0.22115384615384623 0.34134615384615385 0.18750000000000006 0.34134615384615385 0.18750000000000006 0.4014423076923077 0.22115384615384623 0.4014423076923077