1 0.4230769230769231 0.1538461538461539 0.38221153846153844 0.1538461538461539 0.38221153846153844 0.22355769230769237 0.4230769230769231 0.22355769230769237
0 0.6298076923076923 0.1346153846153847 0.5576923076923077 0.1346153846153847 0.5576923076923077 0.2692307692307693 0.6298076923076923 0.2692307692307693
0 0.65625 0.16826923076923084 0.6177884615384616 0.16826923076923084 0.6177884615384616 0.2379807692307693 0.65625 0.2379807692307693
0 0.38221153846153844 0.1658653846153847 0.33413461538461536 0.1658653846153847 0.33413461538461536 0.2475961538461539 0.38221153846153844 0.2475961538461539
1 0.7836538461538461 0.20432692307692316 0.7427884615384616 0.20432692307692316 0.7427884615384616 0.29326923076923084 0.7836538461538461 0.29326923076923084
0 0.7331730769230769 0.2067307692307693 0.6754807692307693 0.2067307692307693 0.6754807692307693 0.295673076923077 0.7331730769230769 0.295673076923077
0 0.40384615384615385 0.22596153846153852 0.33653846153846156 0.22596153846153852 0.33653846153846156 0.34375 0.40384615384615385 0.34375
0 0.2259615384615385 0.23557692307692307 0.15384615384615385 0.23557692307692307 0.15384615384615388 0.34615384615384615 0.22596153846153852 0.34615384615384615
0 0.5096153846153846 0.23557692307692316 0.4326923076923077 0.23557692307692316 0.4326923076923077 0.35096153846153844 0.5096153846153846 0.35096153846153844
0 0.8846153846153846 0.24278846153846165 0.8052884615384616 0.24278846153846162 0.8052884615384616 0.3461538461538463 0.8846153846153846 0.3461538461538463
0 0.7740384615384616 0.25000000000000006 0.7115384615384616 0.25000000000000006 0.7115384615384616 0.37259615384615397 0.7740384615384616 0.37259615384615397